#ifndef HYBRIDZIP_DCT_H
#define HYBRIDZIP_DCT_H

#include <cstdint>

namespace hzcompute::dct {
    const int32_t dct_tf8x8_p16[8][8] = {{23170, 23170,  23170,  23170,  23170,  23170,  23170,  23170},
                                         {32138, 27246,  18205,  6393,   -6393,  -18205, -27246, -32138},
                                         {30274, 12540,  -12540, -30274, -30274, -12540, 12540,  30274},
                                         {27246, -6393,  -32138, -18205, 18205,  32138,  6393,   -27246},
                                         {23170, -23170, -23170, 23170,  23170,  -23170, -23170, 23170},
                                         {18205, -32138, 6393,   27246,  -27246, -6393,  32138,  -18205},
                                         {12540, -30274, 30274,  -12540, -12540, 30274,  -30274, 12540},
                                         {6393,  -18205, 27246,  -32138, 32138,  -27246, 18205,  -6393}};

    const double dct_tf8x8_pd[8][8] = {{0.35355339059327373, 0.35355339059327373,  0.35355339059327373,  0.35355339059327373,  0.35355339059327373,  0.35355339059327373,  0.35355339059327373,  0.35355339059327373},
                                       {0.4903926402016152,  0.4157348061512726,   0.27778511650980114,  0.09754516100806417,  -0.0975451610080641,  -0.277785116509801,   -0.4157348061512727,  -0.4903926402016152},
                                       {0.46193976625564337, 0.19134171618254492,  -0.19134171618254486, -0.46193976625564337, -0.4619397662556434,  -0.19134171618254517, 0.191341716182545,    0.46193976625564326},
                                       {0.4157348061512726,  -0.0975451610080641,  -0.4903926402016152,  -0.2777851165098011,  0.2777851165098009,   0.4903926402016152,   0.09754516100806439,  -0.41573480615127256},
                                       {0.3535533905932738,  -0.35355339059327373, -0.35355339059327384, 0.3535533905932737,   0.35355339059327384,  -0.35355339059327334, -0.35355339059327356, 0.3535533905932733},
                                       {0.27778511650980114, -0.4903926402016152,  0.09754516100806415,  0.41573480615127273,  -0.41573480615127256, -0.09754516100806401, 0.4903926402016153,   -0.27778511650980076},
                                       {0.19134171618254492, -0.4619397662556434,  0.46193976625564326,  -0.19134171618254495, -0.19134171618254528, 0.46193976625564337,  -0.4619397662556432,  0.19134171618254478},
                                       {0.09754516100806417, -0.2777851165098011,  0.41573480615127273,  -0.4903926402016153,  0.4903926402016152,   -0.4157348061512725,  0.27778511650980076,  -0.09754516100806429}};

    void apply_dct8x8_pd(double *A, double *res);

    void apply_idct8x8_pd(double *A, double *res);

    void apply_dct8l_pd(double *A, double *res);

    void apply_idct81_pd(double *A, double *res);

    void apply_dct8x8_p16(int32_t *A, int32_t *res);

    void apply_idct8x8_p16(int32_t *A, int32_t *res);
}

#endif
